1334428
1297266
1337402
1228708
1191997
36651
1258733
1240898
1236177
1215783
1257730
1100317
1306283
1125573
282216
1150918
1198147
1181840
1064268
984076
1165530
1130007
612355
910667
797122
1108246
1220330
905107
496161
1208475
1249871
1231644
1237318
1192820
1213985
1175424
1199028
1226342
1252883
1225985
1204126
1189479
1200130
1199703
1213479
1152675
1159832
1186130
1244130
1160326
1158212
1235271
1161491
1204232
1235483
1196577
1192428
1155679
1179871
1252903
1222828
1195526
364455
1020416
1126974
1147793
1204977
1195636
1158632
1207679
1111138
1180746
1181028
1126075
1172985
1211138
1188181
1174193
1211440
1181503
1134036
1216146
1106118
844973
1166400
1139800
1172000
1143800
1199000
1141200
1112800
1235600
1109000
1154200
1182310
1172400
1168669
1199200
1123600
1148800
1216400
1100000
1213000
1194800
1214000
1121184
1110459
1095229
1138400
1086886
1003315
1120224
976997
1048171
1139400
1031532
1234000
284290
995962
999478
1132339
953178
1029445
834020
339400
676325
1044728
1026800
382600
953136
991140
1108600
1212200
1162800
1203800
1167800
1180000
1199200
1119200
1172600
1139200
1232000
1125400
1151800
1192800
1156846
972128
401020
1183400
1207800
1184800
1282800
1198600
1199000
1230600
1181800
1280200
1167200
1194000
1195800
1195400
1189400
1170800
1131800
1135600
1282800
1225200
1208400
1194600
1213200
1253000
1222200
1207600
1213200
1216600
1213600
1143000
1209000
1187200
1206600
1238800
361800
1189800
1225600
1205600
1240800
668400
1330200
1295800
1332400
1231200
1269200
1328800
1365600
1229600
1247800
1320400
1297400
1356000
1378000
1286800
1256000
1262600
1273400
1297200
1303400
1314200
1341000
1307600
1290000
1332200
1356600
1291200
1272000
1253032
1293400
1322200
1286200
1287400
1323000
394800
1183800
1141000
1229400
1126600
1205000
1160200
1115200
1076600
1131200
1151000
1139800
1098200
1185000
675200
1185600
1173000
1284200
1210800
1230000
1226400
1234800
225000