1249076
1133764
1161093
1186684
1182413
1164916
1186573
1210604
1184666
1157915
1181357
1063262
1121195
1216066
1165982
1251800
1203527
1185907
1187507
1156585
1125950
1100186
1160551
1186263
1235871
1137286
1210771
1111706
1223677
1183463
1220805
1193550
1202915
375495
578875
1319234
1306982
1308268
1422544
1349391
1345782
1422503
1415934
1411426
1399042
1386537
1140247
1412779
1401039
1393338
1354909
1359251
1397493
1368130
1368490
1408542
1310506
1394301
1429942
1393946
1383376
1397040
1363160
1364701
1370642
1362164
1395980
1397422
411977
1351545
1221205
1359065
1322356
1310214
1340069
1333325
1405493
1363018
1369290
1342221
1331826
1359361
1334897
1322649
1314183
1376101
1332899
1378952
1351125
1319897
1301162
1287344
1280320
1361241
1317436
1342673
1355882
1355259
1351782
1353520
1266005
1365589
449467
1291176
1292722
1323871
1260873
1267868
1300275
1297386
1300002
1297128
1306358
1296800
1383833
1304311
1320787
1314158
1279387
1348953
1360879
1266909
1321125
1347058
1260653
1290309
1324416
1325219
1259609
1311857
1222752
1302620
1334634
1290988
1273276
1324177
458103
1252194
1286805
1270966
1269343
1281712
1295843
1284767
1281498
1287140
1275945
1318524
1256805
1176504
1232138
1270300
1203889
1231159
1209060
1264636
1292419
1280862
1263562
1264327
1283695
1250547
1191260
1266466
1230763
1240777
1267753
1265653
1188649
1197431
439282
1179756
1154384
1153822
1181769
1166814
1183448
1180185
1201375
1136588
1193350
1147921
1161049
1168480
1129319
1153105
1167074
1169288
1144858
1150534
459777
1266808
1365019
1264100
1287950
1273520
1276183
1274864
1341421
1305896
1265991
1330255
1328822
1274513
1317476
1293888
1277667
1285952
1369644
1360052
1272328
1256361
1311764
1333524
1313488
1291137
1232601
1223392
1330850
1290465
1306386
1342327
1356850
1344247
394744
1298883
1307708
1233207
1286994
1268470
1271074
1299159
1268720
1256995
45935
1290125
1272805
1250393
1257101
1295742
1312139
1207265
1312644
1000054
1361548
1367782
1342116
1310009
1359183
1347244
1299555
1315963
1296144
1321051
1263331
1315774
1372771
1317836
1287666
1311605
1299386
1336536
1337316
1276836
1348584
1298585
1324222
1252200
1329896
1318049
1312943
1348140
1289111
1328711
1306208
1322789
1339623
387898
1268062
1202574
1229272
1290268
1263102
1265750
1275825
1225699
1263356
607349
1282794
1268931
1327378
1258706
1325314
1224259
1286732
1300733
1351692
1262806
1348912
1307613
1338294
1292091
1335253
1319356
1323299
1323703
1293220
1291986
1283080
1308579
1322336
1249209
1288984
1336336
1340161
1340790
1289243
1290855
1281533
1300842
1304893
388273
610526
1311456
1326025
1310587
1292772
1292882
1215483
1251516
1288103
1266390
1212039
1254951
1261134
1294597
1211122
1264665
1234525
1136018
1062785
1043943
1061316
981671
871740
883177
1261777
895813
391447