1178640
1250192
1209140
1222144
1260792
1175232
1243876
1237548
719500
1263072
1208992
1200812
1214476
1265720
1277376
1218508
1243072
1130228
1206284
1257032
1208844
1264144
213956
1188044
1148800
1178512
1252556
1234560
1235880
1338320
1269608
1261636
1241808
1309940
1208220
1338208
1269480
1202236
1252376
1192040
1213924
1266268
1164192
1232156
1210708
1295288
1265840
1246088
1284208
1288952
1294220
1322480
1262404
1294108
1330216
1297600
1266928
1046360
1224308
1190471
1309260
1210029
1277967
1262013
1208897
1307911
1294134
1239673
1156775
1280420
1203330
1113098
1276377
1212694
1258626
1209867
1276581
1307800
1224360
1261965
1176576
1268951
1299222
1340411
1205420
1271030
1288071
1253904
1307625
214426